1
5
95
15
0,0,1,0,0,0,0,0,0,0,0,0,0,0,0,0,0,0,0,0
0
0
12
0,0,0,1,0,0,0,0,0,0,0,0,0,0,0,0,0,0,0,0
0
0
26
1,0,0,0,0,0,0,0,0,0,0,0,0,0,0,0,0,0,0,0
0,1
0
10
0,0,0,0,1,0,0,0,0,0,0,0,0,0,0,0,0,0,0,0
0
0
6
0,0,0,0,0,0,1,0,0,0,0,0,0,0,0,0,0,0,0,0
0
0
0
0,0,0,0,0,0,0,0,0,0,0,0,0,0,0,0,0,0,1,0
0
0,1
0
0,0,0,0,0,0,0,0,0,0,0,0,1,0,0,0,0,0,0,0
0
0
1
0,0,0,0,0,0,0,0,0,1,0,0,0,0,0,0,0,0,0,0
0
0
8
0,0,0,0,0,1,0,0,0,0,0,0,0,0,0,0,0,0,0,0
0
0
0
0,0,0,0,0,0,0,0,0,0,1,0,0,0,0,0,0,0,0,0
0
0
4
0,0,0,0,0,0,0,1,0,0,0,0,0,0,0,0,0,0,0,0
0
0
2
0,0,0,0,0,0,0,0,1,0,0,0,0,0,0,0,0,0,0,0
0
0
0
0,0,0,0,0,0,0,0,0,0,0,0,0,0,0,0,0,0,0,1
0
0,1
18
0,1,0,0,0,0,0,0,0,0,0,0,0,0,0,0,0,0,0,0
0
0
0
0,0,0,0,0,0,0,0,0,0,0,1,0,0,0,0,0,0,0,0
0
0
0
0,0,0,0,0,0,0,0,0,0,0,0,0,0,0,0,1,0,0,0
0
0
0
0,0,0,0,0,0,0,0,0,0,0,0,0,1,0,0,0,0,0,0
0
0
0
0,0,0,0,0,0,0,0,0,0,0,0,0,0,1,0,0,0,0,0
0
0
0
0,0,0,0,0,0,0,0,0,0,0,0,0,0,0,1,0,0,0,0
0
0
0
0,0,0,0,0,0,0,0,0,0,0,0,0,0,0,0,0,1,0,0
0
0
